15423123 931234 123789 234567 345667 987654 654345 239765 876345 987123 456834 756234
976456 765895 865238 18765211 956739 324671 234891 675658 223417 112567 421356 672341
15423135 931232 123549 278567 348967 987124 689345 289465 878985 912323 434134 711334
973166 753895 847838 11275211 912739 328931 162891 432658 524417 282567 821356 342341
19063123 989634 674589 219867 312367 990654 690345 219065 812345 909723 417834 346234
023456 067895 123238 56365211 959029 321231 209891 673238 243717 117777 402156 671111
564166 713455 812338 11123211 912845 311431 189691 408558 529117 211967 820076 340011
19011223 907534 609189 098867 310547 991014 678645 984165 81345 9005623 411124 347544
009856 067905 189038 59065211 951119 311131 209081 671018 240907 110907 407856 091111
15423111 931211 123711 234512 345619 987619 654315 239789 876905 987190 456864 759084
990856 706195 860918 18011211 952229 322221 222291 622258 222227 112167 412156 611141
1513435 913332 121349 278567 348967 981344 612345 285615 806185 910173 439014 711134
9766 7595 8438 112711 91279 32831 16281 43268 52447 28567 82156 34341
190123 98634 67489 29867 32367 99064 69345 29065 82345 90923 417834 346234
02316 061195 123118 56311211 9511129 321711 20891 67338 2417 1777 40216 67111
56416 7155 8338 113211 9845 3131 1891 4088 5291 2167 8206 3401
19223 9034 6099 0967 3107 9914 6645 9865 45 905623 1124 3444
0096 0605 1838 595211 1119 31131 2081 1018 0907 1907 4056 0111
