99292727272723222120191817161514131211109876543219999920191817161514131211109876543213333354321
29282726252423222120191817161514131211109876543218888820191817161514131211109876543212222254321
2928272625242322212019181716151413121110987654321999992019181716151413121110987654321     54321
2928272625242322212019181716151413121110987654321999992019181716151413121110987654321     54321
2928272625242322212019181716151413121110987654321     2019181716151413121110987654321     54321
2928272625242322212019181716151413121110987654321888882019181716151413121110987654321     54321
2928272625242322212019181716151413121110987654321888882019181716151413121110987654321     54321
2928272625242322212019181716151413121110987654321     2019181716151413121110987654321     54321
2928272625242322212019181716151413121110987654321     2019181716151413121110987654321     54321
2928272625242322212019181716151413121110987654321555552019181716151413121110987654321     54321
2928272625242322212019181716151413121110987654321     2019181716151413121110987654321     54321
2928272625242322212019181716151413121110987654321     2019181716151413121110987654321     54321
2928272625242322212019181716151413121110987654321     2019181716151413121110987654321     54321
2928272625242322212019181716151413121110987654321     2019181716151413121110987654321     54321
2928272625242322212019181716151413121110987654321666662019181716151413121110987654321     54321
2928272625242322212019181716151413121110987654321     2019181716151413121110987654321     54321
2928272625242322212019181716151413121110987654321     2019181716151413121110987654321     54321
2928272625242322212019181716151413121110987654321     2019181716151413121110987654321     54321
2928272625242322212019181716151413121110987654321     2019181716151413121110987654321     54321
2928272625242322212019181716151413121110987654321777772019181716151413121110987654321     54321
2928272625242322212019181716151413121110987654321444442019181716151413121110987654321     54321
2928272625242322212019181716151413121110987654321333332019181716151413121110987654321     54321
2928272625242322212019181716151413121110987654321     2019181716151413121110987654321     54321
2928272625242322212019181716151413121110987654321     2019181716151413121110987654321     54321
2928272625242322212019181716151413121110987654321     2019181716151413121110987654321     54321
2928272625242322212019181716151413121110987654321     2019181716151413121110987654321     54321
2928272625242322212019181716151413121110987654321     2019181716151413121110987654321     54321
2928272625242322212019181716151413121110987654321     2019181716151413121110987654321     54321
2928272625242322212019181716151413121110987654321     2019181716151413121110987654321     54321
2928272625242322212019181716151413121110987654321     2019181716151413121110987654321     54321
2928272625242322212019181716151413121110987654321     2019181716151413121110987654321     54321
2928272625242322212019181716151413121110987654321111112019181716151413121110987654321     54321
2928272625242322212019181716151413121110987654321     2019181716151413121110987654321     54321
2928272625242322212019181716151413121110987654321     2019181716151413121110987654321     54321
2928272625242322212019181716151413121110987654321     2019181716151413121110987654321     54321
2928272625242322212019181716151413121110987654321     2019181716151413121110987654321     54321
2928272625242322212019181716151413121110987654321     2019181716151413121110987654321     54321
2928272625242322212019181716151413121110987654321     2019181716151413121110987654321     54321
2928272625242322212019181716151413121110987654321     2019181716151413121110987654321     54321
2928272625242322212019181716151413121110987654321     2019181716151413121110987654321     54321
2928272625242322212019181716151413121110987654321     2019181716151413121110987654321     54321
2928272625242322212019181716151413121110987654321     2019181716151413121110987654321     54321
2928272625242322212019181716151413121110987654321     2019181716151413121110987654321     54321
2928272625242322212019181716151413121110987654321     2019181716151413121110987654321     54321
2928272625242322212019181716151413121110987654321     2019181716151413121110987654321     54321
2928272625242322212019181716151413121110987654321     2019181716151413121110987654321     54321
2928272625242322212019181716151413121110987654321     2019181716151413121110987654321     54321
2928272625242322212019181716151413121110987654321     2019181716151413121110987654321     54321
2928272625242322212019181716151413121110987654321     2019181716151413121110987654321     54321
2928272625242322212019181716151413121110987654321     2019181716151413121110987654321     54321
2928272625242322212019181716151413121110987654321     2019181716151413121110987654321     54321
2928272625242322212019181716151413121110987654321     2019181716151413121110987654321     54321
2928272625242322212019181716151413121110987654321     2019181716151413121110987654321     54321
2928272625242322212019181716151413121110987654321     2019181716151413121110987654321     54321
2928272625242322212019181716151413121110987654321     2019181716151413121110987654321     54321
2928272625242322212019181716151413121110987654321     2019181716151413121110987654321     54321
2928272625242322212019181716151413121110987654321     2019181716151413121110987654321     54321
2928272625242322212019181716151413121110987654321     2019181716151413121110987654321     54321
2928272625242322212019181716151413121110987654321     2019181716151413121110987654321     54321
2928272625242322212019181716151413121110987654321     2019181716151413121110987654321     54321
2928272625242322212019181716151413121110987654321     2019181716151413121110987654321     54321
2928272625242322212019181716151413121110987654321     2019181716151413121110987654321     54321
2928272625242322212019181716151413121110987654321     2019181716151413121110987654321     54321
2928272625242322212019181716151413121110987654321     2019181716151413121110987654321     54321
2928272625242322212019181716151413121110987654321     2019181716151413121110987654321     54321
2928272625242322212019181716151413121110987654321     2019181716151413121110987654321     54321
2928272625242322212019181716151413121110987654321     2019181716151413121110987654321     54321
2928272625242322212019181716151413121110987654321     2019181716151413121110987654321     54321
2928272625242322212019181716151413121110987654321     2019181716151413121110987654321     54321
2928272625242322212019181716151413121110987654321     2019181716151413121110987654321     54321
2928272625242322212019181716151413121110987654321     2019181716151413121110987654321     54321
2928272625242322212019181716151413121110987654321     2019181716151413121110987654321     54321
2928272625242322212019181716151413121110987654321     2019181716151413121110987654321     54321
2928272625242322212019181716151413121110987654321     2019181716151413121110987654321     54321
2928272625242322212019181716151413121110987654321     2019181716151413121110987654321     54321
2928272625242322212019181716151413121110987654321     2019181716151413121110987654321     54321
2928272625242322212019181716151413121110987654321     2019181716151413121110987654321     54321
2928272625242322212019181716151413121110987654321     2019181716151413121110987654321     54321
2928272625242322212019181716151413121110987654321     2019181716151413121110987654321     54321
2928272625242322212019181716151413121110987654321     2019181716151413121110987654321     54321
2928272625242322212019181716151413121110987654321     2019181716151413121110987654321     54321
2928272625242322212019181716151413121110987654321     2019181716151413121110987654321     54321
2928272625242322212019181716151413121110987654321     2019181716151413121110987654321     54321
2928272625242322212019181716151413121110987654321     2019181716151413121110987654321     54321
2928272625242322212019181716151413121110987654321     2019181716151413121110987654321     54321
2928272625242322212019181716151413121110987654321     2019181716151413121110987654321     54321
2928272625242322212019181716151413121110987654321     2019181716151413121110987654321     54321
2928272625242322212019181716151413121110987654321     2019181716151413121110987654321     54321
2928272625242322212019181716151413121110987654321     2019181716151413121110987654321     54321
2928272625242322212019181716151413121110987654321     2019181716151413121110987654321     54321
2928272625242322212019181716151413121110987654321     2019181716151413121110987654321     54321
2928272625242322212019181716151413121110987654321     2019181716151413121110987654321     54321
2928272625242322212019181716151413121110987654321     2019181716151413121110987654321     54321
2928272625242322212019181716151413121110987654321     2019181716151413121110987654321     54321
2928272625242322212019181716151413121110987654321     2019181716151413121110987654321     54321
2928272625242322212019181716151413121110987654321     2019181716151413121110987654321     54321
2928272625242322212019181716151413121110987654321     2019181716151413121110987654321     54321
2928272625242322212019181716151413121110987654321     2019181716151413121110987654321     54321
2928272625242322212019181716151413121110987654321     2019181716151413121110987654321     54321
2928272625242322212019181716151413121110987654321     2019181716151413121110987654321     54321
2928272625242322212019181716151413121110987654321     2019181716151413121110987654321     54321
2928272625242322212019181716151413121110987654321     2019181716151413121110987654321     54321
2928272625242322212019181716151413121110987654321     2019181716151413121110987654321     54321
2928272625242322212019181716151413121110987654321     2019181716151413121110987654321     54321
99292727272723222120191817161514131211109876543219999920191817161514131211109876543213333354321
29282726252423222120191817161514131211109876543218888820191817161514131211109876543212222254321
2928272625242322212019181716151413121110987654321999992019181716151413121110987654321     54321
2928272625242322212019181716151413121110987654321999992019181716151413121110987654321     54321
2928272625242322212019181716151413121110987654321     2019181716151413121110987654321     54321
2928272625242322212019181716151413121110987654321888882019181716151413121110987654321     54321
2928272625242322212019181716151413121110987654321888882019181716151413121110987654321     54321
2928272625242322212019181716151413121110987654321     2019181716151413121110987654321     54321
2928272625242322212019181716151413121110987654321     2019181716151413121110987654321     54321
2928272625242322212019181716151413121110987654321555552019181716151413121110987654321     54321
2928272625242322212019181716151413121110987654321     2019181716151413121110987654321     54321
2928272625242322212019181716151413121110987654321     2019181716151413121110987654321     54321
2928272625242322212019181716151413121110987654321     2019181716151413121110987654321     54321
2928272625242322212019181716151413121110987654321     2019181716151413121110987654321     54321
2928272625242322212019181716151413121110987654321666662019181716151413121110987654321     54321
2928272625242322212019181716151413121110987654321     2019181716151413121110987654321     54321
2928272625242322212019181716151413121110987654321     2019181716151413121110987654321     54321
2928272625242322212019181716151413121110987654321     2019181716151413121110987654321     54321
2928272625242322212019181716151413121110987654321     2019181716151413121110987654321     54321
2928272625242322212019181716151413121110987654321777772019181716151413121110987654321     54321
2928272625242322212019181716151413121110987654321444442019181716151413121110987654321     54321
2928272625242322212019181716151413121110987654321333332019181716151413121110987654321     54321
2928272625242322212019181716151413121110987654321     2019181716151413121110987654321     54321
2928272625242322212019181716151413121110987654321     2019181716151413121110987654321     54321
2928272625242322212019181716151413121110987654321     2019181716151413121110987654321     54321
2928272625242322212019181716151413121110987654321     2019181716151413121110987654321     54321
2928272625242322212019181716151413121110987654321     2019181716151413121110987654321     54321
2928272625242322212019181716151413121110987654321     2019181716151413121110987654321     54321
2928272625242322212019181716151413121110987654321     2019181716151413121110987654321     54321
2928272625242322212019181716151413121110987654321     2019181716151413121110987654321     54321
2928272625242322212019181716151413121110987654321     2019181716151413121110987654321     54321
2928272625242322212019181716151413121110987654321111112019181716151413121110987654321     54321
2928272625242322212019181716151413121110987654321     2019181716151413121110987654321     54321
2928272625242322212019181716151413121110987654321     2019181716151413121110987654321     54321
2928272625242322212019181716151413121110987654321     2019181716151413121110987654321     54321
2928272625242322212019181716151413121110987654321     2019181716151413121110987654321     54321
2928272625242322212019181716151413121110987654321     2019181716151413121110987654321     54321
2928272625242322212019181716151413121110987654321     2019181716151413121110987654321     54321
2928272625242322212019181716151413121110987654321     2019181716151413121110987654321     54321
2928272625242322212019181716151413121110987654321     2019181716151413121110987654321     54321
2928272625242322212019181716151413121110987654321     2019181716151413121110987654321     54321
2928272625242322212019181716151413121110987654321     2019181716151413121110987654321     54321
2928272625242322212019181716151413121110987654321     2019181716151413121110987654321     54321
2928272625242322212019181716151413121110987654321     2019181716151413121110987654321     54321
2928272625242322212019181716151413121110987654321     2019181716151413121110987654321     54321
2928272625242322212019181716151413121110987654321     2019181716151413121110987654321     54321
2928272625242322212019181716151413121110987654321     2019181716151413121110987654321     54321
2928272625242322212019181716151413121110987654321     2019181716151413121110987654321     54321
2928272625242322212019181716151413121110987654321     2019181716151413121110987654321     54321
2928272625242322212019181716151413121110987654321     2019181716151413121110987654321     54321
2928272625242322212019181716151413121110987654321     2019181716151413121110987654321     54321
2928272625242322212019181716151413121110987654321     2019181716151413121110987654321     54321
2928272625242322212019181716151413121110987654321     2019181716151413121110987654321     54321
2928272625242322212019181716151413121110987654321     2019181716151413121110987654321     54321
2928272625242322212019181716151413121110987654321     2019181716151413121110987654321     54321
2928272625242322212019181716151413121110987654321     2019181716151413121110987654321     54321
2928272625242322212019181716151413121110987654321     2019181716151413121110987654321     54321
2928272625242322212019181716151413121110987654321     2019181716151413121110987654321     54321
2928272625242322212019181716151413121110987654321     2019181716151413121110987654321     54321
2928272625242322212019181716151413121110987654321     2019181716151413121110987654321     54321
2928272625242322212019181716151413121110987654321     2019181716151413121110987654321     54321
2928272625242322212019181716151413121110987654321     2019181716151413121110987654321     54321
2928272625242322212019181716151413121110987654321     2019181716151413121110987654321     54321
2928272625242322212019181716151413121110987654321     2019181716151413121110987654321     54321
2928272625242322212019181716151413121110987654321     2019181716151413121110987654321     54321
2928272625242322212019181716151413121110987654321     2019181716151413121110987654321     54321
2928272625242322212019181716151413121110987654321     2019181716151413121110987654321     54321
2928272625242322212019181716151413121110987654321     2019181716151413121110987654321     54321
2928272625242322212019181716151413121110987654321     2019181716151413121110987654321     54321
2928272625242322212019181716151413121110987654321     2019181716151413121110987654321     54321
2928272625242322212019181716151413121110987654321     2019181716151413121110987654321     54321
2928272625242322212019181716151413121110987654321     2019181716151413121110987654321     54321
2928272625242322212019181716151413121110987654321     2019181716151413121110987654321     54321
2928272625242322212019181716151413121110987654321     2019181716151413121110987654321     54321
2928272625242322212019181716151413121110987654321     2019181716151413121110987654321     54321
2928272625242322212019181716151413121110987654321     2019181716151413121110987654321     54321
2928272625242322212019181716151413121110987654321     2019181716151413121110987654321     54321
2928272625242322212019181716151413121110987654321     2019181716151413121110987654321     54321
2928272625242322212019181716151413121110987654321     2019181716151413121110987654321     54321
2928272625242322212019181716151413121110987654321     2019181716151413121110987654321     54321
2928272625242322212019181716151413121110987654321     2019181716151413121110987654321     54321
2928272625242322212019181716151413121110987654321     2019181716151413121110987654321     54321
2928272625242322212019181716151413121110987654321     2019181716151413121110987654321     54321
2928272625242322212019181716151413121110987654321     2019181716151413121110987654321     54321
2928272625242322212019181716151413121110987654321     2019181716151413121110987654321     54321
2928272625242322212019181716151413121110987654321     2019181716151413121110987654321     54321
2928272625242322212019181716151413121110987654321     2019181716151413121110987654321     54321
2928272625242322212019181716151413121110987654321     2019181716151413121110987654321     54321
2928272625242322212019181716151413121110987654321     2019181716151413121110987654321     54321
2928272625242322212019181716151413121110987654321     2019181716151413121110987654321     54321
2928272625242322212019181716151413121110987654321     2019181716151413121110987654321     54321
2928272625242322212019181716151413121110987654321     2019181716151413121110987654321     54321
2928272625242322212019181716151413121110987654321     2019181716151413121110987654321     54321
2928272625242322212019181716151413121110987654321     2019181716151413121110987654321     54321
2928272625242322212019181716151413121110987654321     2019181716151413121110987654321     54321
2928272625242322212019181716151413121110987654321     2019181716151413121110987654321     54321
2928272625242322212019181716151413121110987654321     2019181716151413121110987654321     54321
2928272625242322212019181716151413121110987654321     2019181716151413121110987654321     54321
2928272625242322212019181716151413121110987654321     2019181716151413121110987654321     54321
2928272625242322212019181716151413121110987654321     2019181716151413121110987654321     54321
2928272625242322212019181716151413121110987654321     2019181716151413121110987654321     54321
2928272625242322212019181716151413121110987654321     2019181716151413121110987654321     54321
2928272625242322212019181716151413121110987654321     2019181716151413121110987654321     54321
2928272625242322212019181716151413121110987654321     2019181716151413121110987654321     54321
2928272625242322212019181716151413121110987654321     2019181716151413121110987654321     54321
2928272625242322212019181716151413121110987654321     2019181716151413121110987654321     54321
2928272625242322212019181716151413121110987654321     2019181716151413121110987654321     54321
2928272625242322212019181716151413121110987654321     2019181716151413121110987654321     54321
2928272625242322212019181716151413121110987654321     2019181716151413121110987654321     54321
2928272625242322212019181716151413121110987654321     2019181716151413121110987654321     54321
2928272625242322212019181716151413121110987654321     2019181716151413121110987654321     54321
2928272625242322212019181716151413121110987654321     2019181716151413121110987654321     54321
2928272625242322212019181716151413121110987654321     2019181716151413121110987654321     54321
2928272625242322212019181716151413121110987654321     2019181716151413121110987654321     54321
2928272625242322212019181716151413121110987654321     2019181716151413121110987654321     54321
2928272625242322212019181716151413121110987654321     2019181716151413121110987654321     54321
2928272625242322212019181716151413121110987654321     2019181716151413121110987654321     54321
2928272625242322212019181716151413121110987654321     2019181716151413121110987654321     54321
2928272625242322212019181716151413121110987654321     2019181716151413121110987654321     54321
2928272625242322212019181716151413121110987654321     2019181716151413121110987654321     54321
2928272625242322212019181716151413121110987654321     2019181716151413121110987654321     54321
2928272625242322212019181716151413121110987654321     2019181716151413121110987654321     54321
2928272625242322212019181716151413121110987654321     2019181716151413121110987654321     54321
2928272625242322212019181716151413121110987654321     2019181716151413121110987654321     54321
2928272625242322212019181716151413121110987654321     2019181716151413121110987654321     54321
2928272625242322212019181716151413121110987654321     2019181716151413121110987654321     54321
2928272625242322212019181716151413121110987654321     2019181716151413121110987654321     54321
2928272625242322212019181716151413121110987654321     2019181716151413121110987654321     54321
2928272625242322212019181716151413121110987654321     2019181716151413121110987654321     54321
2928272625242322212019181716151413121110987654321     2019181716151413121110987654321     54321
2928272625242322212019181716151413121110987654321     2019181716151413121110987654321     54321
2928272625242322212019181716151413121110987654321     2019181716151413121110987654321     54321
2928272625242322212019181716151413121110987654321     2019181716151413121110987654321     54321
2928272625242322212019181716151413121110987654321     2019181716151413121110987654321     54321
2928272625242322212019181716151413121110987654321     2019181716151413121110987654321     54321
2928272625242322212019181716151413121110987654321     2019181716151413121110987654321     54321
2928272625242322212019181716151413121110987654321     2019181716151413121110987654321     54321
2928272625242322212019181716151413121110987654321     2019181716151413121110987654321     54321
2928272625242322212019181716151413121110987654321     2019181716151413121110987654321     54321
2928272625242322212019181716151413121110987654321     2019181716151413121110987654321     54321
2928272625242322212019181716151413121110987654321     2019181716151413121110987654321     54321
2928272625242322212019181716151413121110987654321     2019181716151413121110987654321     54321
2928272625242322212019181716151413121110987654321     2019181716151413121110987654321     54321
2928272625242322212019181716151413121110987654321     2019181716151413121110987654321     54321
2928272625242322212019181716151413121110987654321     2019181716151413121110987654321     54321
2928272625242322212019181716151413121110987654321     2019181716151413121110987654321     54321
2928272625242322212019181716151413121110987654321     2019181716151413121110987654321     54321
2928272625242322212019181716151413121110987654321     2019181716151413121110987654321     54321
2928272625242322212019181716151413121110987654321     2019181716151413121110987654321     54321
2928272625242322212019181716151413121110987654321     2019181716151413121110987654321     54321
2928272625242322212019181716151413121110987654321     2019181716151413121110987654321     54321
2928272625242322212019181716151413121110987654321     2019181716151413121110987654321     54321
2928272625242322212019181716151413121110987654321     2019181716151413121110987654321     54321
2928272625242322212019181716151413121110987654321     2019181716151413121110987654321     54321
2928272625242322212019181716151413121110987654321     2019181716151413121110987654321     54321
2928272625242322212019181716151413121110987654321     2019181716151413121110987654321     54321
2928272625242322212019181716151413121110987654321     2019181716151413121110987654321     54321
2928272625242322212019181716151413121110987654321     2019181716151413121110987654321     54321
2928272625242322212019181716151413121110987654321     2019181716151413121110987654321     54321
2928272625242322212019181716151413121110987654321     2019181716151413121110987654321     54321
2928272625242322212019181716151413121110987654321     2019181716151413121110987654321     54321
2928272625242322212019181716151413121110987654321     2019181716151413121110987654321     54321
2928272625242322212019181716151413121110987654321     2019181716151413121110987654321     54321
2928272625242322212019181716151413121110987654321     2019181716151413121110987654321     54321
2928272625242322212019181716151413121110987654321     2019181716151413121110987654321     54321
2928272625242322212019181716151413121110987654321     2019181716151413121110987654321     54321
2928272625242322212019181716151413121110987654321     2019181716151413121110987654321     54321
2928272625242322212019181716151413121110987654321     2019181716151413121110987654321     54321
2928272625242322212019181716151413121110987654321     2019181716151413121110987654321     54321
2928272625242322212019181716151413121110987654321     2019181716151413121110987654321     54321
2928272625242322212019181716151413121110987654321     2019181716151413121110987654321     54321
2928272625242322212019181716151413121110987654321     2019181716151413121110987654321     54321
2928272625242322212019181716151413121110987654321     2019181716151413121110987654321     54321
2928272625242322212019181716151413121110987654321     2019181716151413121110987654321     54321
2928272625242322212019181716151413121110987654321     2019181716151413121110987654321     54321
2928272625242322212019181716151413121110987654321     2019181716151413121110987654321     54321
2928272625242322212019181716151413121110987654321     2019181716151413121110987654321     54321
2928272625242322212019181716151413121110987654321     2019181716151413121110987654321     54321
2928272625242322212019181716151413121110987654321     2019181716151413121110987654321     54321
2928272625242322212019181716151413121110987654321     2019181716151413121110987654321     54321
2928272625242322212019181716151413121110987654321     2019181716151413121110987654321     54321
2928272625242322212019181716151413121110987654321     2019181716151413121110987654321     54321
2928272625242322212019181716151413121110987654321     2019181716151413121110987654321     54321
2928272625242322212019181716151413121110987654321     2019181716151413121110987654321     54321
2928272625242322212019181716151413121110987654321     2019181716151413121110987654321     54321
2928272625242322212019181716151413121110987654321     2019181716151413121110987654321     54321
2928272625242322212019181716151413121110987654321     2019181716151413121110987654321     54321
2928272625242322212019181716151413121110987654321     2019181716151413121110987654321     54321
2928272625242322212019181716151413121110987654321     2019181716151413121110987654321     54321
2928272625242322212019181716151413121110987654321     2019181716151413121110987654321     54321
2928272625242322212019181716151413121110987654321     2019181716151413121110987654321     54321
2928272625242322212019181716151413121110987654321     2019181716151413121110987654321     54321
2928272625242322212019181716151413121110987654321     2019181716151413121110987654321     54321
2928272625242322212019181716151413121110987654321     2019181716151413121110987654321     54321
2928272625242322212019181716151413121110987654321     2019181716151413121110987654321     54321
2928272625242322212019181716151413121110987654321     2019181716151413121110987654321     54321
2928272625242322212019181716151413121110987654321     2019181716151413121110987654321     54321
2928272625242322212019181716151413121110987654321     2019181716151413121110987654321     54321
2928272625242322212019181716151413121110987654321     2019181716151413121110987654321     54321
2928272625242322212019181716151413121110987654321     2019181716151413121110987654321     54321
2928272625242322212019181716151413121110987654321     2019181716151413121110987654321     54321
2928272625242322212019181716151413121110987654321     2019181716151413121110987654321     54321
2928272625242322212019181716151413121110987654321     2019181716151413121110987654321     54321
2928272625242322212019181716151413121110987654321     2019181716151413121110987654321     54321
2928272625242322212019181716151413121110987654321     2019181716151413121110987654321     54321
2928272625242322212019181716151413121110987654321     2019181716151413121110987654321     54321
2928272625242322212019181716151413121110987654321     2019181716151413121110987654321     54321
2928272625242322212019181716151413121110987654321     2019181716151413121110987654321     54321
2928272625242322212019181716151413121110987654321     2019181716151413121110987654321     54321
2928272625242322212019181716151413121110987654321     2019181716151413121110987654321     54321
2928272625242322212019181716151413121110987654321     2019181716151413121110987654321     54321
2928272625242322212019181716151413121110987654321     2019181716151413121110987654321     54321
2928272625242322212019181716151413121110987654321     2019181716151413121110987654321     54321
2928272625242322212019181716151413121110987654321     2019181716151413121110987654321     54321
2928272625242322212019181716151413121110987654321     2019181716151413121110987654321     54321
2928272625242322212019181716151413121110987654321     2019181716151413121110987654321     54321
2928272625242322212019181716151413121110987654321     2019181716151413121110987654321     54321
2928272625242322212019181716151413121110987654321     2019181716151413121110987654321     54321
2928272625242322212019181716151413121110987654321     2019181716151413121110987654321     54321
2928272625242322212019181716151413121110987654321     2019181716151413121110987654321     54321
2928272625242322212019181716151413121110987654321     2019181716151413121110987654321     54321
2928272625242322212019181716151413121110987654321     2019181716151413121110987654321     54321
2928272625242322212019181716151413121110987654321     2019181716151413121110987654321     54321
2928272625242322212019181716151413121110987654321     2019181716151413121110987654321     54321
2928272625242322212019181716151413121110987654321     2019181716151413121110987654321     54321
2928272625242322212019181716151413121110987654321     2019181716151413121110987654321     54321
2928272625242322212019181716151413121110987654321     2019181716151413121110987654321     54321
2928272625242322212019181716151413121110987654321     2019181716151413121110987654321     54321
2928272625242322212019181716151413121110987654321     2019181716151413121110987654321     54321
2928272625242322212019181716151413121110987654321     2019181716151413121110987654321     54321
2928272625242322212019181716151413121110987654321     2019181716151413121110987654321     54321
2928272625242322212019181716151413121110987654321     2019181716151413121110987654321     54321
2928272625242322212019181716151413121110987654321     2019181716151413121110987654321     54321
2928272625242322212019181716151413121110987654321     2019181716151413121110987654321     54321
2928272625242322212019181716151413121110987654321     2019181716151413121110987654321     54321
2928272625242322212019181716151413121110987654321     2019181716151413121110987654321     54321
2928272625242322212019181716151413121110987654321     2019181716151413121110987654321     54321
2928272625242322212019181716151413121110987654321     2019181716151413121110987654321     54321
2928272625242322212019181716151413121110987654321     2019181716151413121110987654321     54321
2928272625242322212019181716151413121110987654321     2019181716151413121110987654321     54321
2928272625242322212019181716151413121110987654321     2019181716151413121110987654321     54321
2928272625242322212019181716151413121110987654321     2019181716151413121110987654321     54321
2928272625242322212019181716151413121110987654321     2019181716151413121110987654321     54321
2928272625242322212019181716151413121110987654321     2019181716151413121110987654321     54321
2928272625242322212019181716151413121110987654321     2019181716151413121110987654321     54321
2928272625242322212019181716151413121110987654321     2019181716151413121110987654321     54321
2928272625242322212019181716151413121110987654321     2019181716151413121110987654321     54321
2928272625242322212019181716151413121110987654321     2019181716151413121110987654321     54321
2928272625242322212019181716151413121110987654321     2019181716151413121110987654321     54321
2928272625242322212019181716151413121110987654321     2019181716151413121110987654321     54321
2928272625242322212019181716151413121110987654321     2019181716151413121110987654321     54321
2928272625242322212019181716151413121110987654321     2019181716151413121110987654321     54321
2928272625242322212019181716151413121110987654321     2019181716151413121110987654321     54321
2928272625242322212019181716151413121110987654321     2019181716151413121110987654321     54321
2928272625242322212019181716151413121110987654321     2019181716151413121110987654321     54321
2928272625242322212019181716151413121110987654321     2019181716151413121110987654321     54321
2928272625242322212019181716151413121110987654321     2019181716151413121110987654321     54321
2928272625242322212019181716151413121110987654321     2019181716151413121110987654321     54321
2928272625242322212019181716151413121110987654321     2019181716151413121110987654321     54321
2928272625242322212019181716151413121110987654321     2019181716151413121110987654321     54321
2928272625242322212019181716151413121110987654321     2019181716151413121110987654321     54321
2928272625242322212019181716151413121110987654321     2019181716151413121110987654321     54321
2928272625242322212019181716151413121110987654321     2019181716151413121110987654321     54321
2928272625242322212019181716151413121110987654321     2019181716151413121110987654321     54321
99292727272723222120191817161514131211109876543219999920191817161514131211109876543213333354321
29282726252423222120191817161514131211109876543218888820191817161514131211109876543212222254321
2928272625242322212019181716151413121110987654321999992019181716151413121110987654321     54321
2928272625242322212019181716151413121110987654321999992019181716151413121110987654321     54321
2928272625242322212019181716151413121110987654321     2019181716151413121110987654321     54321
2928272625242322212019181716151413121110987654321888882019181716151413121110987654321     54321
2928272625242322212019181716151413121110987654321888882019181716151413121110987654321     54321
2928272625242322212019181716151413121110987654321     2019181716151413121110987654321     54321
2928272625242322212019181716151413121110987654321     2019181716151413121110987654321     54321
2928272625242322212019181716151413121110987654321555552019181716151413121110987654321     54321
2928272625242322212019181716151413121110987654321     2019181716151413121110987654321     54321
2928272625242322212019181716151413121110987654321     2019181716151413121110987654321     54321
2928272625242322212019181716151413121110987654321     2019181716151413121110987654321     54321
2928272625242322212019181716151413121110987654321     2019181716151413121110987654321     54321
2928272625242322212019181716151413121110987654321666662019181716151413121110987654321     54321
2928272625242322212019181716151413121110987654321     2019181716151413121110987654321     54321
2928272625242322212019181716151413121110987654321     2019181716151413121110987654321     54321
2928272625242322212019181716151413121110987654321     2019181716151413121110987654321     54321
2928272625242322212019181716151413121110987654321     2019181716151413121110987654321     54321
2928272625242322212019181716151413121110987654321777772019181716151413121110987654321     54321
2928272625242322212019181716151413121110987654321444442019181716151413121110987654321     54321
2928272625242322212019181716151413121110987654321333332019181716151413121110987654321     54321
2928272625242322212019181716151413121110987654321     2019181716151413121110987654321     54321
2928272625242322212019181716151413121110987654321     2019181716151413121110987654321     54321
2928272625242322212019181716151413121110987654321     2019181716151413121110987654321     54321
2928272625242322212019181716151413121110987654321     2019181716151413121110987654321     54321
2928272625242322212019181716151413121110987654321     2019181716151413121110987654321     54321
2928272625242322212019181716151413121110987654321     2019181716151413121110987654321     54321
2928272625242322212019181716151413121110987654321     2019181716151413121110987654321     54321
2928272625242322212019181716151413121110987654321     2019181716151413121110987654321     54321
2928272625242322212019181716151413121110987654321     2019181716151413121110987654321     54321
2928272625242322212019181716151413121110987654321111112019181716151413121110987654321     54321